287.3183
339.3916
338.4502
370.452
301.28511
356.4252
286.3311
356.4251
311.3812
333.34521
301.28521
331.4302
297.35429999999997
347.4172
315.3263
358.4558
368.47950000000003
267.328
333.32980999999995
372.40971
319.31831
342.3977
369.4208
313.3971
219.11133
372.3812
390.4453
284.25761
242.23449999999997
342.3549
371.39639999999997
384.4355
298.3854
301.28511
287.37710000000004
268.2724
313.31329999999997
259.23362
366.4636
299.3268
285.32911
261.22040999999996
314.32721
376.40121
301.28521
342.38401
299.26930999999996
340.3818
301.28511000000003
286.2877
313.31039999999996
333.38739999999996
335.30231
383.4507
314.37061
285.3
315.3262
281.3116
302.26171999999997
309.4087
331.3868
431.4948
343.383
325.36469999999997
369.4208
342.38401
257.23201
315.3696
255.27369999999996
355.4343
390.4827
384.4355
369.4642
170.15381
